R = [76,86,86,88,83,83;75,83,86,87,85,87;74,77,85,86,84,92]
W = [0.2895,0.2211,0.1158,0.1211,0.2526,0.0526]

 R  * W' 